"Frequency","Power"
4.34e+08,0
4.34002e+08,0
4.34004e+08,0
4.34006e+08,0
4.34008e+08,0
4.3401e+08,0
4.34012e+08,0
4.34014e+08,0
4.34016e+08,0
4.34018e+08,0
4.3402e+08,0
4.34021e+08,0
4.34023e+08,0
4.34025e+08,0
4.34027e+08,0
4.34029e+08,0
4.34031e+08,0
4.34033e+08,0
4.34035e+08,0
4.34037e+08,0
4.34039e+08,0
4.34041e+08,0
4.34043e+08,0
4.34045e+08,0
4.34047e+08,0
4.34049e+08,0
4.34051e+08,0
4.34053e+08,0
4.34055e+08,0
4.34057e+08,0
4.34059e+08,0
4.34061e+08,0
4.34062e+08,0
4.34064e+08,0
4.34066e+08,0
4.34068e+08,0
4.3407e+08,0
4.34072e+08,0
4.34074e+08,0
4.34076e+08,0
4.34078e+08,0
4.3408e+08,0
4.34082e+08,0
4.34084e+08,0
4.34086e+08,0
4.34088e+08,0
4.3409e+08,0
4.34092e+08,0
4.34094e+08,0
4.34096e+08,0
4.34098e+08,0
4.341e+08,0
4.34102e+08,0
4.34103e+08,0
4.34105e+08,0
4.34107e+08,0
4.34109e+08,0
4.34111e+08,0
4.34113e+08,0
4.34115e+08,0
4.34117e+08,0
4.34119e+08,0
4.34121e+08,0
4.34123e+08,0
4.34125e+08,0
4.34127e+08,0
4.34129e+08,0
4.34131e+08,0
4.34133e+08,0
4.34135e+08,0
4.34137e+08,0
4.34139e+08,0
4.34141e+08,0
4.34142e+08,0
4.34144e+08,0
4.34146e+08,0
4.34148e+08,0
4.3415e+08,0
4.34152e+08,0
4.34154e+08,0
4.34156e+08,0
4.34158e+08,0
4.3416e+08,0
4.34162e+08,0
4.34164e+08,0
4.34166e+08,0
4.34168e+08,0
4.3417e+08,0
4.34172e+08,0
4.34174e+08,0
4.34176e+08,0
4.34178e+08,0
4.3418e+08,0
4.34182e+08,0
4.34183e+08,0
4.34185e+08,0
4.34187e+08,0
4.34189e+08,0
4.34191e+08,0
4.34193e+08,0
4.34195e+08,0
4.34197e+08,0
4.34199e+08,0
4.34201e+08,0
4.34203e+08,0
4.34205e+08,0
4.34207e+08,0
4.34209e+08,0
4.34211e+08,0
4.34213e+08,0
4.34215e+08,0
4.34217e+08,0
4.34219e+08,0
4.34221e+08,0
4.34223e+08,0
4.34224e+08,0
4.34226e+08,0
4.34228e+08,0
4.3423e+08,0
4.34232e+08,0
4.34234e+08,0
4.34236e+08,0
4.34238e+08,0
4.3424e+08,0
4.34242e+08,0
4.34244e+08,0
4.34246e+08,0
4.34248e+08,0
4.3425e+08,0
4.34252e+08,0
4.34254e+08,0
4.34256e+08,0
4.34258e+08,0
4.3426e+08,0
4.34262e+08,0
4.34264e+08,0
4.34265e+08,0
4.34267e+08,0
4.34269e+08,0
4.34271e+08,0
4.34273e+08,0
4.34275e+08,0
4.34277e+08,0
4.34279e+08,0
4.34281e+08,0
4.34283e+08,0
4.34285e+08,0
4.34287e+08,0
4.34289e+08,0
4.34291e+08,0
4.34293e+08,0
4.34295e+08,0
4.34297e+08,0
4.34299e+08,0
4.34301e+08,0
4.34303e+08,0
4.34305e+08,0
4.34306e+08,0
4.34308e+08,0
4.3431e+08,0
4.34312e+08,0
4.34314e+08,0
4.34316e+08,0
4.34318e+08,0
4.3432e+08,0
4.34322e+08,0
4.34324e+08,0
4.34326e+08,0
4.34328e+08,0
4.3433e+08,0
4.34332e+08,0
4.34334e+08,0
4.34336e+08,0
4.34338e+08,0
4.3434e+08,0
4.34342e+08,0
4.34344e+08,0
4.34346e+08,0
4.34347e+08,0
4.34349e+08,0
4.34351e+08,0
4.34353e+08,0
4.34355e+08,0
4.34357e+08,0
4.34359e+08,0
4.34361e+08,0
4.34363e+08,0
4.34365e+08,0
4.34367e+08,0
4.34369e+08,0
4.34371e+08,0
4.34373e+08,0
4.34375e+08,0
4.34377e+08,0
4.34379e+08,0
4.34381e+08,0
4.34383e+08,0
4.34385e+08,0
4.34386e+08,0
4.34388e+08,0
4.3439e+08,0
4.34392e+08,0
4.34394e+08,0
4.34396e+08,0
4.34398e+08,0
4.344e+08,0
4.34402e+08,0
4.34404e+08,0
4.34406e+08,0
4.34408e+08,0
4.3441e+08,0
4.34412e+08,0
4.34414e+08,0
4.34416e+08,0
4.34418e+08,0
4.3442e+08,0
4.34422e+08,0
4.34424e+08,0
4.34426e+08,0
4.34427e+08,0
4.34429e+08,0
4.34431e+08,0
4.34433e+08,0
4.34435e+08,0
4.34437e+08,0
4.34439e+08,0
4.34441e+08,0
4.34443e+08,0
4.34445e+08,0
4.34447e+08,0
4.34449e+08,0
4.34451e+08,0
4.34453e+08,0
4.34455e+08,0
4.34457e+08,0
4.34459e+08,0
4.34461e+08,0
4.34463e+08,0
4.34465e+08,0
4.34467e+08,0
4.34468e+08,0
4.3447e+08,0
4.34472e+08,0
4.34474e+08,0
4.34476e+08,0
4.34478e+08,0
4.3448e+08,0
4.34482e+08,0
4.34484e+08,0
4.34486e+08,0
4.34488e+08,0
4.3449e+08,0
4.34492e+08,0
4.34494e+08,0
4.34496e+08,0
4.34498e+08,0
4.345e+08,0
4.34502e+08,0
4.34504e+08,0
4.34506e+08,0
4.34508e+08,0
4.34509e+08,0
4.34511e+08,0
4.34513e+08,0
4.34515e+08,0
4.34517e+08,0
4.34519e+08,0
4.34521e+08,0
4.34523e+08,0
4.34525e+08,0
4.34527e+08,0
4.34529e+08,0
4.34531e+08,0
4.34533e+08,0
4.34535e+08,0
4.34537e+08,0
4.34539e+08,0
4.34541e+08,0
4.34543e+08,0
4.34545e+08,0
4.34547e+08,0
4.34549e+08,0
4.3455e+08,0
4.34552e+08,0
4.34554e+08,0
4.34556e+08,0
4.34558e+08,0
4.3456e+08,0
4.34562e+08,0
4.34564e+08,0
4.34566e+08,0
4.34568e+08,0
4.3457e+08,0
4.34572e+08,0
4.34574e+08,0
4.34576e+08,0
4.34578e+08,0
4.3458e+08,0
4.34582e+08,0
4.34584e+08,0
4.34586e+08,0
4.34588e+08,0
4.3459e+08,0
4.34591e+08,0
4.34593e+08,0
4.34595e+08,0
4.34597e+08,0
4.34599e+08,0
4.34601e+08,0
4.34603e+08,0
4.34605e+08,0
4.34607e+08,0
4.34609e+08,0
4.34611e+08,0
4.34613e+08,0
4.34615e+08,0
4.34617e+08,0
4.34619e+08,0
4.34621e+08,0
4.34623e+08,0
4.34625e+08,0
4.34627e+08,0
4.34629e+08,0
4.3463e+08,0
4.34632e+08,0
4.34634e+08,0
4.34636e+08,0
4.34638e+08,0
4.3464e+08,0
4.34642e+08,0
4.34644e+08,0
4.34646e+08,0
4.34648e+08,0
4.3465e+08,0
4.34652e+08,0
4.34654e+08,0
4.34656e+08,0
4.34658e+08,0
4.3466e+08,0
4.34662e+08,0
4.34664e+08,0
4.34666e+08,0
4.34668e+08,0
4.3467e+08,0
4.34671e+08,0
4.34673e+08,0
4.34675e+08,0
4.34677e+08,0
4.34679e+08,0
4.34681e+08,0
4.34683e+08,0
4.34685e+08,0
4.34687e+08,0
4.34689e+08,0
4.34691e+08,0
4.34693e+08,0
4.34695e+08,0
4.34697e+08,0
4.34699e+08,0
4.34701e+08,0
4.34703e+08,0
4.34705e+08,0
4.34707e+08,0
4.34709e+08,0
4.34711e+08,0
4.34712e+08,0
4.34714e+08,0
4.34716e+08,0
4.34718e+08,0
4.3472e+08,0
4.34722e+08,0
4.34724e+08,0
4.34726e+08,0
4.34728e+08,0
4.3473e+08,0
4.34732e+08,0
4.34734e+08,0
4.34736e+08,0
4.34738e+08,0
4.3474e+08,0
4.34742e+08,0
4.34744e+08,0
4.34746e+08,0
4.34748e+08,0
4.3475e+08,0
4.34752e+08,0
4.34753e+08,0
4.34755e+08,0
4.34757e+08,0
4.34759e+08,0
4.34761e+08,0
4.34763e+08,0
4.34765e+08,0
4.34767e+08,0
4.34769e+08,0
4.34771e+08,0
4.34773e+08,0
4.34775e+08,0
4.34777e+08,0
4.34779e+08,0
4.34781e+08,0
4.34783e+08,0
4.34785e+08,0
4.34787e+08,0
4.34789e+08,0
4.34791e+08,0
4.34793e+08,0
4.34794e+08,0
4.34796e+08,0
4.34798e+08,0
4.348e+08,0
4.34802e+08,0
4.34804e+08,0
4.34806e+08,0
4.34808e+08,0
4.3481e+08,0
4.34812e+08,0
4.34814e+08,0
4.34816e+08,0
4.34818e+08,0
4.3482e+08,0
4.34822e+08,0
4.34824e+08,0
4.34826e+08,0
4.34828e+08,0
4.3483e+08,0
4.34832e+08,0
4.34834e+08,0
4.34835e+08,0
4.34837e+08,0
4.34839e+08,0
4.34841e+08,0
4.34843e+08,0
4.34845e+08,0
4.34847e+08,0
4.34849e+08,0
4.34851e+08,0
4.34853e+08,0
4.34855e+08,0
4.34857e+08,0
4.34859e+08,0
4.34861e+08,0
4.34863e+08,0
4.34865e+08,0
4.34867e+08,0
4.34869e+08,0
4.34871e+08,0
4.34873e+08,0
4.34874e+08,0
4.34876e+08,0
4.34878e+08,0
4.3488e+08,0
4.34882e+08,0
4.34884e+08,0
4.34886e+08,0
4.34888e+08,0
4.3489e+08,0
4.34892e+08,0
4.34894e+08,0
4.34896e+08,0
4.34898e+08,0
4.349e+08,0
4.34902e+08,0
4.34904e+08,0
4.34906e+08,0
4.34908e+08,0
4.3491e+08,0
4.34912e+08,0
4.34914e+08,0
4.34915e+08,0
4.34917e+08,0
4.34919e+08,0
4.34921e+08,0
4.34923e+08,0
4.34925e+08,0
4.34927e+08,0
4.34929e+08,0
4.34931e+08,0
4.34933e+08,0
4.34935e+08,0
4.34937e+08,0
4.34939e+08,0
4.34941e+08,0
4.34943e+08,0
4.34945e+08,0
4.34947e+08,0
4.34949e+08,0
4.34951e+08,0
4.34953e+08,0
4.34955e+08,0
4.34956e+08,0
4.34958e+08,0
4.3496e+08,0
4.34962e+08,0
4.34964e+08,0
4.34966e+08,0
4.34968e+08,0
4.3497e+08,0
4.34972e+08,0
4.34974e+08,0
4.34976e+08,0
4.34978e+08,0
4.3498e+08,0
4.34982e+08,0
4.34984e+08,0
4.34986e+08,0
4.34988e+08,0
4.3499e+08,0
4.34992e+08,0
4.34994e+08,0
4.34996e+08,0
4.34997e+08,0
4.34999e+08,0
4.35001e+08,0
4.35003e+08,0
4.35005e+08,0
4.35007e+08,0
4.35009e+08,0
4.35011e+08,0
4.35013e+08,0
4.35015e+08,0
4.35017e+08,0
4.35019e+08,0
4.35021e+08,0
4.35023e+08,0
4.35025e+08,0
4.35027e+08,0
4.35029e+08,0
4.35031e+08,0
4.35033e+08,0
4.35035e+08,0
4.35037e+08,0
4.35038e+08,0
4.3504e+08,0
4.35042e+08,0
4.35044e+08,0
4.35046e+08,0
4.35048e+08,0
4.3505e+08,0
4.35052e+08,0
4.35054e+08,0
4.35056e+08,0
4.35058e+08,0
4.3506e+08,0
4.35062e+08,0
4.35064e+08,0
4.35066e+08,0
4.35068e+08,0
4.3507e+08,0
4.35072e+08,0
4.35074e+08,0
4.35076e+08,0
4.35078e+08,0
4.35079e+08,0
4.35081e+08,0
4.35083e+08,0
4.35085e+08,0
4.35087e+08,0
4.35089e+08,0
4.35091e+08,0
4.35093e+08,0
4.35095e+08,0
4.35097e+08,0
4.35099e+08,0
4.35101e+08,0
4.35103e+08,0
4.35105e+08,0
4.35107e+08,0
4.35109e+08,0
4.35111e+08,0
4.35113e+08,0
4.35115e+08,0
4.35117e+08,0
4.35118e+08,0
4.3512e+08,0
4.35122e+08,0
4.35124e+08,0
4.35126e+08,0
4.35128e+08,0
4.3513e+08,0
4.35132e+08,0
4.35134e+08,0
4.35136e+08,0
4.35138e+08,0
4.3514e+08,0
4.35142e+08,0
4.35144e+08,0
4.35146e+08,0
4.35148e+08,0
4.3515e+08,0
4.35152e+08,0
4.35154e+08,0
4.35156e+08,0
4.35158e+08,0
4.35159e+08,0
4.35161e+08,0
4.35163e+08,0
4.35165e+08,0
4.35167e+08,0
4.35169e+08,0
4.35171e+08,0
4.35173e+08,0
4.35175e+08,0
4.35177e+08,0
4.35179e+08,0
4.35181e+08,0
4.35183e+08,0
4.35185e+08,0
4.35187e+08,0
4.35189e+08,0
4.35191e+08,0
4.35193e+08,0
4.35195e+08,0
4.35197e+08,0
4.35199e+08,0
4.352e+08,0
4.35202e+08,0
4.35204e+08,0
4.35206e+08,0
4.35208e+08,0
4.3521e+08,0
4.35212e+08,0
4.35214e+08,0
4.35216e+08,0
4.35218e+08,0
4.3522e+08,0
4.35222e+08,0
4.35224e+08,0
4.35226e+08,0
4.35228e+08,0
4.3523e+08,0
4.35232e+08,0
4.35234e+08,0
4.35236e+08,0
4.35238e+08,0
4.3524e+08,0
4.35241e+08,0
4.35243e+08,0
4.35245e+08,0
4.35247e+08,0
4.35249e+08,0
4.35251e+08,0
4.35253e+08,0
4.35255e+08,0
4.35257e+08,0
4.35259e+08,0
4.35261e+08,0
4.35263e+08,0
4.35265e+08,0
4.35267e+08,0
4.35269e+08,0
4.35271e+08,0
4.35273e+08,0
4.35275e+08,0
4.35277e+08,0
4.35279e+08,0
4.35281e+08,0
4.35282e+08,0
4.35284e+08,0
4.35286e+08,0
4.35288e+08,0
4.3529e+08,0
4.35292e+08,0
4.35294e+08,0
4.35296e+08,0
4.35298e+08,0
4.353e+08,0
4.35302e+08,0
4.35304e+08,0
4.35306e+08,0
4.35308e+08,0
4.3531e+08,0
4.35312e+08,0
4.35314e+08,0
4.35316e+08,0
4.35318e+08,0
4.3532e+08,0
4.35322e+08,0
4.35323e+08,0
4.35325e+08,0
4.35327e+08,0
4.35329e+08,0
4.35331e+08,0
4.35333e+08,0
4.35335e+08,0
4.35337e+08,0
4.35339e+08,0
4.35341e+08,0
4.35343e+08,0
4.35345e+08,0
4.35347e+08,0
4.35349e+08,0
4.35351e+08,0
4.35353e+08,0
4.35355e+08,0
4.35357e+08,0
4.35359e+08,0
4.35361e+08,0
4.35362e+08,0
4.35364e+08,0
4.35366e+08,0
4.35368e+08,0
4.3537e+08,0
4.35372e+08,0
4.35374e+08,0
4.35376e+08,0
4.35378e+08,0
4.3538e+08,0
4.35382e+08,0
4.35384e+08,0
4.35386e+08,0
4.35388e+08,0
4.3539e+08,0
4.35392e+08,0
4.35394e+08,0
4.35396e+08,0
4.35398e+08,0
4.354e+08,0
4.35402e+08,0
4.35403e+08,0
4.35405e+08,0
4.35407e+08,0
4.35409e+08,0
4.35411e+08,0
4.35413e+08,0
4.35415e+08,0
4.35417e+08,0
4.35419e+08,0
4.35421e+08,0
4.35423e+08,0
4.35425e+08,0
4.35427e+08,0
4.35429e+08,0
4.35431e+08,0
4.35433e+08,0
4.35435e+08,0
4.35437e+08,0
4.35439e+08,0
4.35441e+08,0
4.35443e+08,0
4.35444e+08,0
4.35446e+08,0
4.35448e+08,0
4.3545e+08,0
4.35452e+08,0
4.35454e+08,0
4.35456e+08,0
4.35458e+08,0
4.3546e+08,0
4.35462e+08,0
4.35464e+08,0
4.35466e+08,0
4.35468e+08,0
4.3547e+08,0
4.35472e+08,0
4.35474e+08,0
4.35476e+08,0
4.35478e+08,0
4.3548e+08,0
4.35482e+08,0
4.35484e+08,0
4.35485e+08,0
4.35487e+08,0
4.35489e+08,0
4.35491e+08,0
4.35493e+08,0
4.35495e+08,0
4.35497e+08,0
4.35499e+08,0
4.35501e+08,0
4.35503e+08,0
4.35505e+08,0
4.35507e+08,0
4.35509e+08,0
4.35511e+08,0
4.35513e+08,0
4.35515e+08,0
4.35517e+08,0
4.35519e+08,0
4.35521e+08,0
4.35523e+08,0
4.35525e+08,0
4.35526e+08,0
4.35528e+08,0
4.3553e+08,0
4.35532e+08,0
4.35534e+08,0
4.35536e+08,0
4.35538e+08,0
4.3554e+08,0
4.35542e+08,0
4.35544e+08,0
4.35546e+08,0
4.35548e+08,0
4.3555e+08,0
4.35552e+08,0
4.35554e+08,0
4.35556e+08,0
4.35558e+08,0
4.3556e+08,0
4.35562e+08,0
4.35564e+08,0
4.35566e+08,0
4.35567e+08,0
4.35569e+08,0
4.35571e+08,0
4.35573e+08,0
4.35575e+08,0
4.35577e+08,0
4.35579e+08,0
4.35581e+08,0
4.35583e+08,0
4.35585e+08,0
4.35587e+08,0
4.35589e+08,0
4.35591e+08,0
4.35593e+08,0
4.35595e+08,0
4.35597e+08,0
4.35599e+08,0
4.35601e+08,0
4.35603e+08,0
4.35605e+08,0
4.35606e+08,0
4.35608e+08,0
4.3561e+08,0
4.35612e+08,0
4.35614e+08,0
4.35616e+08,0
4.35618e+08,0
4.3562e+08,0
4.35622e+08,0
4.35624e+08,0
4.35626e+08,0
4.35628e+08,0
4.3563e+08,0
4.35632e+08,0
4.35634e+08,0
4.35636e+08,0
4.35638e+08,0
4.3564e+08,0
4.35642e+08,0
4.35644e+08,0
4.35646e+08,0
4.35647e+08,0
4.35649e+08,0
4.35651e+08,0
4.35653e+08,0
4.35655e+08,0
4.35657e+08,0
4.35659e+08,0
4.35661e+08,0
4.35663e+08,0
4.35665e+08,0
4.35667e+08,0
4.35669e+08,0
4.35671e+08,0
4.35673e+08,0
4.35675e+08,0
4.35677e+08,0
4.35679e+08,0
4.35681e+08,0
4.35683e+08,0
4.35685e+08,0
4.35687e+08,0
4.35688e+08,0
4.3569e+08,0
4.35692e+08,0
4.35694e+08,0
4.35696e+08,0
4.35698e+08,0
4.357e+08,0
4.35702e+08,0
4.35704e+08,0
4.35706e+08,0
4.35708e+08,0
4.3571e+08,0
4.35712e+08,0
4.35714e+08,0
4.35716e+08,0
4.35718e+08,0
4.3572e+08,0
4.35722e+08,0
4.35724e+08,0
4.35726e+08,0
4.35728e+08,0
4.35729e+08,0
4.35731e+08,0
4.35733e+08,0
4.35735e+08,0
4.35737e+08,0
4.35739e+08,0
4.35741e+08,0
4.35743e+08,0
4.35745e+08,0
4.35747e+08,0
4.35749e+08,0
4.35751e+08,0
4.35753e+08,0
4.35755e+08,0
4.35757e+08,0
4.35759e+08,0
4.35761e+08,0
4.35763e+08,0
4.35765e+08,0
4.35767e+08,0
4.35769e+08,0
4.3577e+08,0
4.35772e+08,0
4.35774e+08,0
4.35776e+08,0
4.35778e+08,0
4.3578e+08,0
4.35782e+08,0
4.35784e+08,0
4.35786e+08,0
4.35788e+08,0
4.3579e+08,0
4.35792e+08,0
4.35794e+08,0
4.35796e+08,0
4.35798e+08,0
4.358e+08,0
4.35802e+08,0
4.35804e+08,0
4.35806e+08,0
4.35808e+08,0
4.3581e+08,0
4.35811e+08,0
4.35813e+08,0
4.35815e+08,0
4.35817e+08,0
4.35819e+08,0
4.35821e+08,0
4.35823e+08,0
4.35825e+08,0
4.35827e+08,0
4.35829e+08,0
4.35831e+08,0
4.35833e+08,0
4.35835e+08,0
4.35837e+08,0
4.35839e+08,0
4.35841e+08,0
4.35843e+08,0
4.35845e+08,0
4.35847e+08,0
4.35849e+08,0
4.3585e+08,0
4.35852e+08,0
4.35854e+08,0
4.35856e+08,0
4.35858e+08,0
4.3586e+08,0
4.35862e+08,0
4.35864e+08,0
4.35866e+08,0
4.35868e+08,0
4.3587e+08,0
4.35872e+08,0
4.35874e+08,0
4.35876e+08,0
4.35878e+08,0
4.3588e+08,0
4.35882e+08,0
4.35884e+08,0
4.35886e+08,0
4.35888e+08,0
4.3589e+08,0
4.35891e+08,0
4.35893e+08,0
4.35895e+08,0
4.35897e+08,0
4.35899e+08,0
4.35901e+08,0
4.35903e+08,0
4.35905e+08,0
4.35907e+08,0
4.35909e+08,0
4.35911e+08,0
4.35913e+08,0
4.35915e+08,0
4.35917e+08,0
4.35919e+08,0
4.35921e+08,0
4.35923e+08,0
4.35925e+08,0
4.35927e+08,0
4.35929e+08,0
4.35931e+08,0
4.35932e+08,0
4.35934e+08,0
4.35936e+08,0
4.35938e+08,0
4.3594e+08,0
4.35942e+08,0
4.35944e+08,0
4.35946e+08,0
4.35948e+08,0
4.3595e+08,0
4.35952e+08,0
4.35954e+08,0
4.35956e+08,0
4.35958e+08,0
4.3596e+08,0
4.35962e+08,0
4.35964e+08,0
4.35966e+08,0
4.35968e+08,0
4.3597e+08,0
4.35972e+08,0
4.35973e+08,0
4.35975e+08,0
4.35977e+08,0
4.35979e+08,0
4.35981e+08,0
4.35983e+08,0
4.35985e+08,0
4.35987e+08,0
4.35989e+08,0
4.35991e+08,0
4.35993e+08,0
4.35995e+08,0
4.35997e+08,0
